[gd_scene load_steps=6 format=3 uid="uid://bdw46gq7ee6oo"]

[ext_resource type="Script" path="res://player/hand/hand.gd" id="1_ftdcj"]
[ext_resource type="PackedScene" uid="uid://djltobvcddlom" path="res://player/hand/hand_rig.tscn" id="1_q11lk"]

[sub_resource type="CylinderShape3D" id="CylinderShape3D_63p5n"]
height = 0.1
radius = 0.03

[sub_resource type="StandardMaterial3D" id="StandardMaterial3D_7lton"]
albedo_color = Color(1, 1, 1, 0.352941)

[sub_resource type="BoxMesh" id="BoxMesh_hd2g5"]
material = SubResource("StandardMaterial3D_7lton")
size = Vector3(0.05, 0.05, 0.05)

[node name="Hand" type="XRController3D"]
tracker = &"left_hand"
script = ExtResource("1_ftdcj")

[node name="HandRig" parent="." instance=ExtResource("1_q11lk")]
transform = Transform3D(-7.98e-08, 1, 8.686e-08, 0.575248, -2.51449e-08, 0.817979, 0.817979, 1.15241e-07, -0.575248, -0.02, 0, 0.15)

[node name="GrabArea" type="Area3D" parent="HandRig"]
transform = Transform3D(1, 0, 0, 0, -4.37114e-08, -1, 0, 1, -4.37114e-08, -0.1, -0.03, 0)

[node name="CollisionShape3D" type="CollisionShape3D" parent="HandRig/GrabArea"]
shape = SubResource("CylinderShape3D_63p5n")

[node name="RotationTest" type="MeshInstance3D" parent="HandRig/GrabArea"]
transform = Transform3D(0.707107, 0, 0.707107, 0, 1, 0, -0.707107, 0, 0.707107, 0, 0.1, 0)
visible = false
mesh = SubResource("BoxMesh_hd2g5")

[node name="HandlePosition" type="MeshInstance3D" parent="HandRig/GrabArea"]
transform = Transform3D(0.707107, 0, 0.707107, 0, 1, 0, -0.707107, 0, 0.707107, 0, 0, 0)
visible = false
mesh = SubResource("BoxMesh_hd2g5")

[connection signal="input_float_changed" from="." to="." method="_on_input_float_changed"]
